0
3.01e-006
2.016e-005
6.381e-005
0.00014656
0.00028125
0.00048096
0.00075901
0.00112896
0.00160461
0.0022
0.00292941
0.00380736
0.00484861
0.00606816
0.00748125
0.00910336
0.01095021
0.01303776
0.01538221
0.018
0.02090781
0.02412256
0.02766141
0.03154176
0.03578125
0.04039776
0.04540941
0.05083456
0.05669181
0.063
0.06977821
0.07704576
0.08482221
0.09312736
0.10198125
0.11140416
0.12141661
0.13203936
0.14329341
0.1552
0.16778061
0.18105696
0.19505101
0.20978496
0.22528125
0.24156256
0.25865181
0.27657216
0.29534701
0.315
0.33555501
0.35703616
0.37946781
0.40287456
0.42728125
0.45271296
0.47919501
0.50675296
0.53541261
0.5652
0.59614141
0.62826336
0.66159261
0.69615616
0.73198125
0.76909536
0.80752621
0.84730176
0.88845021
0.931
0.97497981
1.02041856
1.06734541
1.11578976
1.16578125
1.21734976
1.27052541
1.32533856
1.38181981
1.44
1.49991021
1.56158176
1.62504621
1.69033536
1.75748125
1.82651616
1.89747261
1.97038336
2.04528141
2.1222
2.20117261
2.28223296
2.36541501
2.45075296
2.53828125
2.62803456
2.72004781
2.81435616
2.91099501
3.01
